1.23
1.23
1.23
1.24
1.25
1.29
1.39
1.58
1.90
2.23
2.56
2.88
3.21
3.54
3.88
4.22
4.57
4.91
5.27
5.64
6.00
6.38
6.76
7.14
7.52
7.92
8.32
8.70
9.11
9.52
9.91
10.30
10.73
11.13
11.52
11.95
12.36
12.76
13.17
13.59
14.00
14.39
14.83
15.24
15.64
16.07
16.49
16.91
17.30
17.73
18.16
18.56
18.98
19.41
19.83
20.23
20.67
21.10
21.48
21.93
22.36
22.77
23.18
23.62
24.05
24.43
24.87
25.32
25.70
26.12
26.57
26.98
27.37
27.82
28.25
28.62
29.07
29.52
29.91
30.32
30.77
31.18
31.55
32.01
32.44
32.82
33.24
33.68
34.09
34.48
34.92
35.34
35.72
36.15
36.56
36.96
37.35
37.73
37.99
38.11
