1.25
1.23
1.22
1.22
1.25
1.29
1.44
1.68
1.85
2.23
2.38
2.71
2.96
3.17
3.56
3.69
4.21
4.34
4.50
4.97
5.07
5.46
5.68
5.88
6.31
6.43
6.82
7.03
7.29
7.61
7.78
8.29
8.38
8.69
9.04
9.14
9.61
9.74
10.00
10.38
10.53
10.90
11.09
11.40
11.69
11.88
12.34
12.44
12.81
13.06
13.19
13.69
13.78
14.21
14.42
14.59
14.95
15.12
15.46
15.73
15.94
16.33
16.45
16.87
17.02
17.24
17.71
17.79
18.27
18.41
18.59
18.96
19.12
19.46
19.70
19.93
20.28
20.44
20.82
21.00
21.40
21.64
21.75
22.28
22.36
22.58
22.96
23.10
23.52
23.65
23.91
24.20
24.41
24.80
25.71
26.44
26.46
27.66
27.61
27.59
