1.26
1.25
1.22
1.22
1.25
1.28
1.43
1.62
1.83
2.08
2.29
2.56
2.79
3.00
3.28
3.48
3.79
4.01
4.23
4.51
4.68
4.97
5.20
5.43
5.70
5.89
6.17
6.38
6.64
6.88
7.08
7.42
7.58
7.84
8.12
8.29
8.59
8.78
9.03
9.31
9.49
9.76
9.96
10.24
10.47
10.69
10.99
11.14
11.46
11.68
11.87
12.20
12.34
12.63
12.88
13.07
13.34
13.52
13.80
14.03
14.27
14.52
14.71
15.01
15.19
15.46
15.76
15.88
16.21
16.40
16.61
16.88
17.07
17.34
17.55
17.80
18.04
18.25
18.52
18.71
19.00
19.25
19.41
19.73
19.89
20.12
20.39
20.58
20.85
21.05
21.30
21.53
21.76
21.98
22.19
22.45
22.66
22.93
23.07
23.15
