1.23
1.23
1.23
1.24
1.25
1.28
1.37
1.54
1.81
2.12
2.42
2.71
3.01
3.31
3.60
3.91
4.22
4.52
4.83
5.14
5.46
5.78
6.09
6.41
6.74
7.04
7.38
7.70
8.01
8.34
8.66
8.97
9.32
9.64
9.95
10.29
10.61
10.92
11.28
11.59
11.90
12.26
12.55
12.88
13.23
13.53
13.88
14.21
14.50
14.86
15.19
15.48
15.85
16.16
16.46
16.82
17.14
17.45
17.81
18.11
18.43
18.80
19.07
19.41
19.77
20.05
20.40
20.75
21.02
21.38
21.71
22.00
22.36
22.68
22.98
23.34
23.64
23.96
24.30
24.61
24.94
25.28
25.57
25.91
26.25
26.55
26.89
27.22
27.52
27.86
28.18
28.50
28.84
29.14
29.45
29.78
30.10
30.39
30.66
30.75
