1.23
1.23
1.24
1.24
1.25
1.29
1.39
1.58
1.89
2.21
2.53
2.85
3.18
3.50
3.83
4.17
4.50
4.84
5.20
5.55
5.91
6.26
6.64
7.00
7.37
7.75
8.13
8.49
8.88
9.27
9.64
10.02
10.43
10.80
11.17
11.58
11.96
12.34
12.73
13.13
13.52
13.89
14.30
14.69
15.07
15.47
15.86
16.25
16.64
17.04
17.43
17.82
18.21
18.61
19.00
19.39
19.80
20.20
20.57
20.98
21.39
21.77
22.16
22.57
22.96
23.34
23.75
24.16
24.52
24.93
25.34
25.72
26.11
26.52
26.91
27.29
27.70
28.11
28.48
28.88
29.29
29.67
30.05
30.47
30.86
31.23
31.64
32.03
32.41
32.80
33.21
33.59
33.97
34.37
34.76
35.13
35.52
35.88
36.16
36.27
