1.23
1.23
1.23
1.24
1.25
1.29
1.39
1.57
1.86
2.17
2.47
2.77
3.08
3.38
3.69
4.00
4.32
4.63
4.95
5.27
5.59
5.92
6.24
6.57
6.90
7.21
7.55
7.89
8.21
8.55
8.88
9.20
9.56
9.88
10.20
10.57
10.88
11.20
11.57
11.88
12.21
12.59
12.88
13.22
13.59
13.88
14.24
14.59
14.88
15.26
15.59
15.88
16.27
16.59
16.90
17.27
17.59
17.91
18.29
18.59
18.93
19.29
19.58
19.93
20.29
20.57
20.94
21.30
21.58
21.95
22.29
22.59
22.95
23.29
23.60
23.95
24.27
24.61
24.95
25.27
25.61
25.95
26.25
26.61
26.95
27.26
27.61
27.95
28.27
28.61
28.95
29.27
29.61
29.93
30.25
30.59
30.91
31.21
31.48
31.60
