1.25
1.23
1.22
1.22
1.25
1.29
1.42
1.66
1.86
2.12
2.34
2.60
2.85
3.09
3.38
3.55
3.90
4.13
4.33
4.68
4.83
5.11
5.37
5.59
5.91
6.08
6.36
6.61
6.86
7.12
7.33
7.68
7.84
8.12
8.42
8.56
8.88
9.09
9.34
9.64
9.82
10.11
10.32
10.59
10.84
11.06
11.38
11.54
11.84
12.10
12.29
12.63
12.78
13.07
13.34
13.53
13.81
14.01
14.29
14.54
14.77
15.05
15.22
15.53
15.73
15.98
16.32
16.45
16.78
16.99
17.19
17.48
17.67
17.95
18.18
18.42
18.68
18.88
19.17
19.36
19.67
19.92
20.07
20.43
20.59
20.82
21.10
21.29
21.58
21.77
22.03
22.29
22.52
22.73
22.93
23.26
23.41
23.67
23.89
23.94
