1.23
1.23
1.23
1.24
1.25
1.29
1.39
1.58
1.89
2.21
2.54
2.87
3.19
3.52
3.85
4.19
4.54
4.88
5.24
5.60
5.96
6.32
6.71
7.08
7.44
7.83
8.22
8.60
8.99
9.39
9.77
10.15
10.56
10.95
11.32
11.74
12.13
12.52
12.92
13.33
13.72
14.11
14.53
14.92
15.30
15.71
16.12
16.52
16.91
17.32
17.72
18.11
18.52
18.93
19.33
19.73
20.14
20.55
20.93
21.35
21.77
22.16
22.56
22.98
23.38
23.76
24.18
24.60
24.97
25.39
25.81
26.20
26.59
27.02
27.42
27.79
28.21
28.64
29.01
29.41
29.84
30.23
30.61
31.05
31.45
31.82
32.23
32.65
33.03
33.42
33.84
34.23
34.62
35.03
35.43
35.81
36.20
36.57
36.85
36.98
