1.25
1.23
1.22
1.22
1.25
1.29
1.43
1.67
1.84
2.18
2.35
2.67
2.90
3.12
3.48
3.61
4.05
4.22
4.42
4.82
4.93
5.29
5.51
5.74
6.11
6.24
6.60
6.80
7.07
7.37
7.54
7.99
8.11
8.39
8.72
8.84
9.24
9.40
9.68
10.01
10.15
10.51
10.70
10.99
11.27
11.46
11.87
11.98
12.32
12.57
12.72
13.16
13.27
13.63
13.88
14.05
14.40
14.56
14.89
15.14
15.35
15.71
15.84
16.21
16.40
16.64
17.05
17.14
17.55
17.73
17.91
18.25
18.41
18.76
18.97
19.21
19.52
19.70
20.05
20.23
20.55
20.83
20.95
21.41
21.51
21.75
22.07
22.23
22.59
22.76
23.04
23.30
23.53
23.79
23.98
24.34
24.49
24.73
25.00
25.05
