1.41
1.42
1.45
1.50
1.58
1.70
1.84
2.03
2.25
2.46
2.65
2.85
3.04
3.23
3.40
3.59
3.78
3.96
4.14
4.33
4.50
4.67
4.86
5.04
5.21
5.39
5.57
5.74
5.91
6.08
6.25
6.42
6.60
6.77
6.93
7.10
7.27
7.44
7.61
7.78
7.95
8.11
8.27
8.44
8.61
8.78
8.94
9.11
9.27
9.43
9.59
9.75
9.92
10.09
10.24
10.40
10.56
10.72
10.89
11.05
11.21
11.38
11.53
11.69
11.85
12.02
12.18
12.34
12.49
12.65
12.81
12.97
13.13
13.30
13.46
13.62
13.77
13.93
14.08
14.24
14.40
14.56
14.71
14.87
15.02
15.18
15.34
15.48
15.64
15.79
15.94
16.09
16.23
16.39
16.54
16.68
16.83
16.96
17.06
17.11
